0.00 282.12 346.60 814.27 550.29 937.14 683.78 168.17 855.58 536.03 244.86 810.10 656.22 903.95 377.21 645.75 234.49 565.05 842.57 561.34 650.61 500.73 970.99 585.77 893.62 614.24 454.65 629.14 594.88 325.81 504.27 795.74 965.99 124.95 894.33 479.02 451.59 272.85 185.49 916.01 636.75 320.53 637.29 393.86 170.10 420.01 619.23 681.68 495.33 376.90 575.43 910.95 714.06 954.09 664.96 271.43 317.04 179.08 891.92 467.87 241.32 816.74 204.22 293.03 121.10 139.71 911.04 978.42 718.43 971.05 810.66 479.06 369.46 583.08 252.80 717.23 437.16 691.82 610.87 515.24 891.37 154.56 714.11 473.13 842.87 265.10 508.65 598.79 543.74 625.73 970.20 507.09 651.90 718.49 447.17 877.18 286.75 821.83 856.19 251.46
282.12 0.00 570.30 724.32 358.09 910.02 789.42 287.48 505.62 186.92 644.54 588.17 718.28 245.75 396.96 705.21 513.87 316.60 688.99 796.12 159.69 734.23 993.17 502.10 502.03 418.20 270.82 393.38 603.58 959.68 209.15 854.07 614.79 248.70 527.76 158.35 943.41 367.58 976.02 484.52 972.78 745.50 373.79 689.23 498.88 904.07 560.81 603.87 310.93 291.32 670.12 437.44 375.70 514.39 672.77 328.93 370.59 208.84 672.66 539.63 512.46 255.49 945.00 686.11 834.26 907.42 310.12 562.47 266.32 400.06 769.57 636.30 829.10 749.12 644.24 579.23 131.96 314.12 498.33 127.48 330.25 472.05 225.74 623.80 404.59 829.01 440.61 690.87 246.84 314.58 183.38 782.68 813.09 290.16 301.78 303.32 384.20 878.83 406.28 631.48
346.60 570.30 0.00 327.10 870.28 619.94 936.06 785.43 991.49 351.63 461.76 795.23 604.96 133.89 553.44 345.51 528.22 842.40 221.03 561.14 213.30 344.32 280.60 902.36 298.09 679.74 138.91 393.23 733.94 519.88 962.47 194.09 283.94 937.82 625.62 113.49 749.62 719.96 944.01 458.81 630.35 400.65 555.87 940.52 141.27 376.19 344.25 847.83 561.57 432.49 981.59 220.38 461.69 806.25 545.45 107.14 801.02 367.87 731.41 516.55 104.79 177.13 358.73 425.57 878.83 901.19 210.24 704.53 630.45 568.31 488.74 539.01 416.42 694.16 266.98 499.15 712.71 317.13 493.38 278.57 402.50 661.86 201.52 682.96 207.46 605.14 555.40 951.87 493.83 289.94 310.75 820.72 299.35 743.62 899.74 191.42 719.77 568.30 447.17 648.49
814.27 724.32 327.10 0.00 349.98 943.57 135.63 604.86 503.44 433.17 505.98 259.21 956.27 569.50 190.12 392.64 257.93 808.20 862.56 187.25 615.10 260.10 241.07 272.44 511.66 112.67 231.70 858.43 148.26 139.92 747.72 557.51 745.96 291.26 454.83 963.27 822.16 311.97 279.89 653.43 199.51 817.47 552.81 918.14 994.48 698.50 875.50 535.43 621.85 417.78 115.62 224.14 469.74 795.47 369.06 288.53 414.89 829.76 277.18 714.22 319.31 303.39 117.01 761.21 540.79 682.10 548.08 353.82 679.97 171.43 456.13 406.82 864.44 417.21 446.30 915.18 745.32 831.37 241.70 567.04 538.78 801.25 420.70 862.30 255.68 327.15 162.87 478.57 887.87 337.21 548.48 278.14 952.62 392.68 340.59 542.43 517.50 637.56 608.36 533.63
550.29 358.09 870.28 349.98 0.00 427.56 145.65 200.75 149.52 686.89 163.16 921.69 278.30 274.08 311.54 476.12 399.00 485.75 614.90 403.63 724.65 523.32 534.89 231.71 265.99 996.46 228.25 590.63 520.92 804.22 670.99 575.64 968.77 958.45 767.29 822.08 140.77 148.71 122.88 519.92 809.48 196.90 786.41 306.68 479.14 901.09 933.00 413.06 264.99 155.28 214.37 292.54 926.07 412.24 521.88 972.03 599.50 443.81 873.04 733.38 327.49 321.81 316.50 493.37 882.67 610.73 754.04 297.59 676.42 351.29 524.69 337.56 867.48 877.67 268.69 398.48 634.09 450.68 460.12 635.74 536.64 767.90 665.40 547.06 875.75 673.96 410.75 755.52 933.32 156.02 743.97 481.31 122.96 477.83 220.81 244.79 231.20 193.50 370.46 447.98
937.14 910.02 619.94 943.57 427.56 0.00 356.30 453.45 253.01 599.53 759.72 439.07 374.09 977.81 472.19 439.74 298.86 282.80 129.86 478.51 389.32 279.93 691.51 741.84 494.14 599.65 690.25 528.39 562.39 758.12 705.47 219.68 934.50 232.10 539.41 214.13 562.79 913.96 104.66 527.65 657.45 525.57 141.70 263.55 138.58 172.63 473.08 172.94 321.70 825.45 280.80 568.99 467.39 596.37 876.71 496.50 203.45 567.41 189.49 862.53 647.40 655.53 345.11 213.92 323.73 857.11 853.59 658.43 237.78 184.81 342.35 972.74 754.98 360.54 660.41 434.29 299.89 142.35 947.64 834.29 762.61 607.63 143.09 313.24 527.73 493.49 650.00 977.61 326.92 269.72 785.36 734.68 580.50 753.92 824.91 286.90 513.04 548.21 767.96 354.91
683.78 789.42 936.06 135.63 145.65 356.30 0.00 359.16 389.69 381.64 563.26 777.38 497.85 429.96 101.94 365.68 748.31 652.39 954.42 264.90 882.83 895.94 241.46 457.60 348.26 746.74 327.53 261.82 810.21 347.09 355.87 735.83 476.90 387.08 607.45 395.81 714.38 895.11 309.80 848.91 298.66 800.32 424.75 892.85 753.59 533.89 232.16 995.61 805.88 498.70 725.12 308.58 970.60 191.10 776.80 144.94 266.69 358.24 928.53 146.94 780.28 700.08 871.34 282.74 607.29 456.69 131.20 768.95 433.61 977.25 879.63 336.04 303.05 657.45 475.33 588.05 838.38 273.39 668.67 926.73 614.24 989.98 590.72 527.81 428.41 679.38 115.56 616.78 825.02 227.30 324.41 749.33 620.14 652.63 975.97 238.60 647.34 558.98 478.96 684.60
168.17 287.48 785.43 604.86 200.75 453.45 359.16 0.00 443.32 531.79 511.23 819.43 482.00 956.88 594.27 624.77 250.20 255.09 932.50 213.33 869.64 398.78 416.84 144.05 747.04 230.89 132.92 411.28 439.18 685.20 105.77 230.32 655.11 575.21 646.49 365.41 881.00 414.50 707.38 744.98 563.62 418.49 353.05 146.81 353.27 846.87 224.53 436.20 636.55 325.26 416.84 686.75 796.97 446.40 766.47 646.08 226.00 162.80 496.59 735.03 167.98 761.96 741.39 319.75 628.52 712.00 334.92 804.79 145.20 472.84 185.46 543.27 964.54 396.65 693.05 541.85 586.64 224.35 539.92 763.94 321.82 546.33 800.90 424.64 905.12 282.81 210.78 641.45 521.65 773.79 677.22 231.21 873.78 714.02 201.25 949.55 230.61 217.81 693.61 348.75
855.58 505.62 991.49 503.44 149.52 253.01 389.69 443.32 0.00 835.11 494.59 473.21 454.83 948.60 583.76 469.41 507.15 872.53 986.19 629.44 605.03 914.91 495.54 698.38 551.35 524.26 958.94 600.57 842.46 239.79 825.45 282.59 396.46 595.80 174.99 362.91 128.23 617.30 375.83 155.01 634.95 735.21 580.97 688.31 580.79 517.75 985.14 379.64 233.60 952.14 300.84 500.44 710.02 626.97 518.51 808.74 979.58 786.33 963.51 860.31 225.55 166.11 191.68 358.98 622.18 475.97 915.28 604.46 809.56 413.27 259.74 846.27 481.55 399.07 519.08 742.35 395.72 512.90 960.95 836.44 942.76 549.74 687.83 922.05 875.22 634.53 921.01 514.96 210.39 341.25 914.15 200.28 332.27 644.86 349.41 710.77 765.67 712.35 563.03 590.18
536.03 186.92 351.63 433.17 686.89 599.53 381.64 531.79 835.11 0.00 447.41 403.11 366.86 430.15 996.82 938.92 419.86 674.41 392.17 769.80 972.13 671.33 836.67 674.08 187.40 539.03 428.35 509.80 580.91 730.69 318.42 250.75 705.19 865.27 765.63 397.92 449.56 992.86 698.22 419.81 523.27 289.35 658.20 721.05 223.08 718.97 596.68 519.38 729.64 582.87 654.35 538.67 478.62 974.26 548.94 105.16 255.51 250.33 979.62 738.94 810.70 254.56 708.22 178.52 777.63 499.75 858.22 164.35 130.18 596.42 485.81 531.20 360.36 565.68 461.96 291.18 678.06 787.70 145.90 497.86 240.90 968.38 210.51 495.94 329.32 495.17 101.36 762.94 935.74 351.18 912.14 443.03 505.13 960.64 315.80 747.21 199.57 470.10 543.56 248.59
244.86 644.54 461.76 505.98 163.16 759.72 563.26 511.23 494.59 447.41 0.00 777.38 156.53 665.58 640.04 104.53 878.72 171.24 199.77 740.50 815.92 165.89 528.87 744.14 778.86 605.46 727.31 187.77 245.92 762.75 808.95 494.79 287.10 578.30 847.27 121.86 556.99 988.65 420.31 664.30 403.96 751.12 447.45 433.57 139.59 983.81 985.48 703.40 512.82 796.54 955.22 324.41 280.17 687.26 742.04 369.40 518.61 162.69 875.97 725.78 481.99 883.68 430.97 268.08 856.44 196.72 805.68 560.75 973.76 601.59 536.99 636.84 676.36 652.05 273.12 931.30 572.31 700.19 771.15 355.68 413.63 640.12 801.09 975.94 398.92 634.58 148.58 631.23 905.13 793.77 677.30 746.07 189.56 532.00 730.58 134.50 940.52 589.33 392.50 261.25
810.10 588.17 795.23 259.21 921.69 439.07 777.38 819.43 473.21 403.11 777.38 0.00 746.09 435.06 754.51 793.02 198.82 116.14 709.08 129.97 329.72 239.22 216.43 609.64 117.01 941.76 853.91 576.31 713.84 592.27 521.86 259.83 942.07 273.78 506.66 767.28 840.48 663.29 818.92 345.77 788.38 345.13 419.54 562.78 525.16 468.30 572.41 584.23 523.30 621.21 599.76 191.81 588.43 749.47 129.52 283.21 688.24 268.03 275.17 443.70 370.20 802.98 994.55 847.21 118.99 383.59 945.97 598.97 503.81 407.14 520.05 904.19 996.25 838.40 338.49 794.55 704.74 484.66 966.36 332.17 327.29 952.41 937.40 284.47 167.67 114.74 858.34 117.32 774.66 703.65 441.93 277.37 855.22 225.22 475.81 703.57 563.43 636.59 102.78 317.19
656.22 718.28 604.96 956.27 278.30 374.09 497.85 482.00 454.83 366.86 156.53 746.09 0.00 641.08 360.04 325.44 672.90 872.05 551.30 550.37 882.94 499.70 631.90 888.97 541.43 177.31 308.60 283.59 194.73 378.85 339.90 575.58 974.42 950.31 260.13 635.33 718.02 225.32 714.41 156.32 532.76 223.10 209.17 610.86 476.90 213.38 861.45 213.76 695.81 239.35 675.41 460.09 297.58 931.83 265.33 430.96 352.79 572.11 765.37 867.84 981.21 980.68 254.00 984.05 773.45 306.82 725.62 890.55 689.88 247.51 503.82 225.53 938.50 658.79 204.40 210.89 960.74 773.29 505.24 996.10 441.14 244.16 603.58 485.94 846.86 912.24 920.87 855.87 937.63 545.61 348.23 529.11 151.39 428.34 687.39 758.80 512.74 984.75 627.89 658.30
903.95 245.75 133.89 569.50 274.08 977.81 429.96 956.88 948.60 430.15 665.58 435.06 641.08 0.00 310.78 903.11 620.73 191.63 727.94 960.21 711.65 729.68 570.39 598.24 666.76 713.44 980.47 195.17 991.67 217.67 930.37 145.34 119.41 715.28 758.16 810.61 348.07 405.19 789.30 272.16 797.71 625.01 786.25 864.86 463.85 563.75 170.80 681.90 233.09 368.45 575.07 715.27 172.11 311.40 824.31 438.53 737.59 410.23 795.41 975.50 715.72 198.82 117.86 607.08 931.40 664.94 464.89 478.90 569.71 393.40 641.99 340.32 797.52 194.33 638.18 956.37 358.14 341.77 637.66 670.36 233.55 413.82 888.26 980.90 737.03 566.16 816.67 737.37 199.07 429.20 948.54 431.88 214.45 383.29 352.71 532.74 937.76 497.17 968.35 972.43
377.21 396.96 553.44 190.12 311.54 472.19 101.94 594.27 583.76 996.82 640.04 754.51 360.04 310.78 0.00 662.36 994.31 929.87 118.55 754.40 497.04 628.02 601.65 889.18 502.39 839.57 208.81 237.50 162.76 237.06 538.11 199.75 600.34 171.88 211.64 626.49 654.85 474.22 311.84 206.97 307.29 813.39 742.10 346.97 709.68 773.81 495.22 851.30 882.31 131.56 439.36 965.22 817.74 951.22 677.11 888.85 650.88 318.49 776.21 458.94 328.64 738.88 956.02 202.68 319.79 762.66 548.93 329.32 748.20 175.69 536.89 389.04 840.56 880.77 600.08 381.60 478.22 865.05 661.56 412.05 220.16 132.04 787.96 905.47 511.84 212.34 472.82 831.55 472.01 847.33 126.33 374.27 741.42 179.37 273.56 431.97 483.25 822.60 477.13 701.29
645.75 705.21 345.51 392.64 476.12 439.74 365.68 624.77 469.41 938.92 104.53 793.02 325.44 903.11 662.36 0.00 306.27 147.31 234.12 379.80 263.01 706.64 552.94 188.51 446.10 948.82 958.96 110.49 838.21 559.25 569.45 484.23 451.72 521.87 369.38 543.10 159.64 152.00 276.66 434.40 212.43 425.19 455.75 170.85 524.39 949.58 134.82 661.23 317.17 951.33 204.92 859.86 131.51 120.72 395.87 523.42 336.04 765.53 487.34 173.62 228.66 215.88 452.11 360.71 874.64 976.27 138.29 724.14 103.68 782.94 193.27 322.54 139.04 322.44 781.61 290.99 265.88 147.09 177.81 909.16 217.02 603.54 770.84 432.15 816.67 637.00 281.62 912.07 495.26 565.05 218.98 879.87 713.93 339.64 600.23 647.82 453.77 597.31 250.86 239.02
234.49 513.87 528.22 257.93 399.00 298.86 748.31 250.20 507.15 419.86 878.72 198.82 672.90 620.73 994.31 306.27 0.00 170.39 224.46 990.21 531.23 902.00 774.38 473.23 882.23 749.70 156.72 871.95 675.01 980.37 231.41 434.82 994.04 977.53 815.17 111.89 460.37 394.64 277.15 363.83 564.19 621.26 685.49 204.23 616.31 824.40 319.84 544.15 275.51 326.25 366.07 403.12 225.32 477.09 664.35 143.96 185.95 221.37 124.94 628.82 897.24 300.70 689.34 727.10 371.57 918.83 118.87 165.01 143.21 834.70 656.58 288.80 814.69 388.10 594.25 295.71 474.83 159.74 321.98 344.45 666.14 101.92 189.57 829.41 124.20 854.14 817.05 331.01 626.54 738.31 361.48 701.35 737.66 814.05 931.39 203.88 729.23 335.24 937.39 460.96
565.05 316.60 842.40 808.20 485.75 282.80 652.39 255.09 872.53 674.41 171.24 116.14 872.05 191.63 929.87 147.31 170.39 0.00 201.78 810.60 220.03 139.59 641.13 178.23 269.85 910.15 385.01 274.97 752.85 902.36 628.63 167.05 549.04 173.89 533.02 785.01 790.59 294.47 995.38 717.92 783.59 413.02 418.63 301.55 223.42 362.33 740.62 833.24 430.59 666.93 684.98 884.40 328.45 554.11 597.74 513.36 542.25 502.70 505.34 495.06 564.48 859.05 703.37 959.44 655.22 152.74 219.99 357.15 158.43 456.07 864.48 755.28 908.19 642.16 386.49 677.64 371.14 752.89 919.88 514.71 371.38 161.67 944.98 374.14 389.21 101.97 890.21 707.52 547.16 645.01 150.13 636.45 899.09 676.86 834.18 515.03 265.50 920.52 157.37 736.68
842.57 688.99 221.03 862.56 614.90 129.86 954.42 932.50 986.19 392.17 199.77 709.08 551.30 727.94 118.55 234.12 224.46 201.78 0.00 202.00 777.67 689.77 368.92 722.65 682.50 481.92 646.13 418.06 530.48 178.17 304.80 938.51 613.09 494.36 856.33 418.99 852.53 895.16 659.07 758.30 936.52 615.19 126.22 792.83 789.31 245.44 790.96 171.90 925.04 357.39 212.66 353.08 479.51 589.64 203.37 833.47 912.08 781.24 946.83 251.70 368.49 148.01 154.73 130.19 265.03 420.42 857.89 209.62 366.15 290.91 612.54 393.10 816.17 744.82 875.04 870.76 881.53 713.50 852.63 353.57 496.85 201.42 742.65 558.31 940.68 476.15 300.08 167.70 316.89 990.81 276.13 180.51 366.27 263.93 754.79 957.40 863.55 830.47 135.89 616.47
561.34 796.12 561.14 187.25 403.63 478.51 264.90 213.33 629.44 769.80 740.50 129.97 550.37 960.21 754.40 379.80 990.21 810.60 202.00 0.00 147.31 547.33 116.08 955.29 271.16 535.08 487.61 816.38 215.60 930.04 589.04 535.15 623.66 947.58 739.32 739.53 418.89 233.28 557.54 185.31 311.45 388.97 283.55 316.60 385.25 108.13 970.26 345.66 109.13 654.55 697.70 561.45 507.47 691.27 987.52 948.03 231.67 682.96 100.46 494.98 846.93 898.06 881.94 915.00 249.36 857.83 135.86 705.65 723.15 859.31 706.21 435.23 321.01 726.39 203.58 331.36 694.97 310.55 891.24 603.52 384.27 572.89 751.54 405.99 441.26 783.56 964.47 989.29 123.31 195.72 902.42 769.80 747.12 805.16 920.85 585.56 764.29 985.70 515.33 246.93
650.61 159.69 213.30 615.10 724.65 389.32 882.83 869.64 605.03 972.13 815.92 329.72 882.94 711.65 497.04 263.01 531.23 220.03 777.67 147.31 0.00 499.39 768.62 313.74 857.48 690.86 702.95 657.83 781.31 390.99 311.78 354.90 997.58 481.33 297.91 887.29 308.81 540.70 872.00 825.25 132.31 859.47 415.39 879.56 122.14 211.77 494.73 672.62 910.07 976.58 533.32 197.25 262.14 384.53 454.21 141.81 168.36 855.10 398.43 571.26 165.26 188.00 449.00 419.30 280.16 849.83 383.88 712.53 830.52 174.47 389.26 960.14 583.15 684.51 555.35 651.07 708.18 606.72 534.19 702.98 652.86 439.91 317.64 899.03 884.81 824.34 369.49 133.79 404.10 595.41 471.71 290.51 594.18 452.42 425.72 836.30 668.24 769.32 815.09 250.94
500.73 734.23 344.32 260.10 523.32 279.93 895.94 398.78 914.91 671.33 165.89 239.22 499.70 729.68 628.02 706.64 902.00 139.59 689.77 547.33 499.39 0.00 772.68 198.94 852.26 130.56 622.92 822.42 214.56 430.05 680.57 515.15 116.28 434.80 133.84 686.40 886.92 278.02 691.67 743.94 265.51 306.92 801.24 770.50 321.12 396.89 728.73 494.79 842.95 715.89 175.54 461.68 965.77 836.76 581.80 413.69 560.63 390.18 967.52 853.55 401.26 731.24 592.51 672.92 800.62 286.06 661.46 457.66 940.34 960.23 882.04 718.73 323.12 693.72 887.54 592.11 403.18 727.35 345.14 365.09 299.62 647.66 264.43 545.92 361.00 974.46 518.30 321.77 530.31 431.80 460.32 210.16 706.02 561.60 609.11 747.26 667.87 823.47 192.40 708.89
970.99 993.17 280.60 241.07 534.89 691.51 241.46 416.84 495.54 836.67 528.87 216.43 631.90 570.39 601.65 552.94 774.38 641.13 368.92 116.08 768.62 772.68 0.00 318.77 693.30 129.14 505.27 379.47 817.34 650.21 989.62 996.72 600.40 860.15 132.02 256.47 654.13 394.11 992.03 922.56 839.15 865.32 753.56 374.12 439.29 565.57 625.85 920.48 781.62 785.64 104.06 215.44 276.32 754.95 323.69 432.10 541.89 933.29 731.38 806.28 580.11 306.43 936.81 468.72 896.98 819.58 456.46 953.78 278.63 723.95 312.68 739.17 898.60 585.80 318.41 464.15 189.17 688.55 526.97 807.35 841.49 131.93 610.88 240.15 222.81 875.86 468.34 932.34 102.04 818.99 251.34 553.35 134.21 265.85 369.57 743.02 759.49 156.29 148.83 472.82
585.77 502.10 902.36 272.44 231.71 741.84 457.60 144.05 698.38 674.08 744.14 609.64 888.97 598.24 889.18 188.51 473.23 178.23 722.65 955.29 313.74 198.94 318.77 0.00 384.49 914.94 609.15 117.61 524.47 655.90 585.91 346.43 181.32 422.69 565.52 564.78 439.51 608.36 352.60 365.34 549.28 554.50 526.70 210.52 973.12 533.45 818.73 133.79 790.39 739.84 351.68 661.06 894.48 378.61 121.03 724.85 629.18 453.48 489.45 813.04 873.12 803.44 782.73 813.58 720.60 629.33 828.03 309.39 580.89 847.87 655.49 267.94 971.26 545.76 598.47 296.56 980.08 263.93 168.17 419.15 319.19 778.65 744.01 822.80 378.05 782.82 114.41 478.41 345.83 617.70 495.71 377.46 322.25 798.93 783.26 934.70 116.16 472.84 387.55 816.37
893.62 502.03 298.09 511.66 265.99 494.14 348.26 747.04 551.35 187.40 778.86 117.01 541.43 666.76 502.39 446.10 882.23 269.85 682.50 271.16 857.48 852.26 693.30 384.49 0.00 231.96 781.92 611.88 901.17 712.14 923.88 634.36 114.84 251.46 716.95 138.94 892.12 207.16 979.75 428.57 202.63 331.09 613.82 862.10 606.32 971.18 298.98 618.87 856.59 288.03 566.17 362.42 656.03 541.19 102.36 826.75 739.70 245.26 588.19 338.32 945.84 397.35 265.93 538.50 655.37 430.13 497.62 805.47 141.88 438.64 287.68 894.28 401.08 914.61 397.28 383.96 890.80 878.23 343.04 455.84 499.74 907.39 880.67 682.66 892.44 432.77 519.91 236.93 898.45 168.95 347.05 512.59 264.53 923.40 688.44 692.89 343.07 244.94 706.23 316.99
614.24 418.20 679.74 112.67 996.46 599.65 746.74 230.89 524.26 539.03 605.46 941.76 177.31 713.44 839.57 948.82 749.70 910.15 481.92 535.08 690.86 130.56 129.14 914.94 231.96 0.00 174.48 868.05 194.01 271.18 583.50 671.93 621.01 829.54 977.54 478.92 897.59 342.79 521.73 331.16 223.88 994.87 633.80 824.09 333.46 456.16 629.70 434.40 644.10 733.64 837.00 138.27 254.04 532.84 859.45 817.58 886.52 580.34 650.45 650.00 617.35 266.21 731.82 636.12 356.31 810.96 226.29 545.54 447.64 756.90 271.37 504.04 819.52 561.58 444.53 818.51 201.36 614.43 757.65 782.58 896.11 140.61 566.08 395.06 900.47 461.74 389.21 635.29 905.25 137.91 118.07 928.32 969.89 682.71 524.24 435.30 357.22 190.57 318.18 179.14
454.65 270.82 138.91 231.70 228.25 690.25 327.53 132.92 958.94 428.35 727.31 853.91 308.60 980.47 208.81 958.96 156.72 385.01 646.13 487.61 702.95 622.92 505.27 609.15 781.92 174.48 0.00 401.18 617.00 523.64 612.94 884.53 337.32 172.21 811.06 247.05 602.37 414.10 278.34 662.36 523.06 886.06 893.07 261.55 391.72 205.35 839.47 436.33 579.33 441.28 151.40 788.77 955.07 310.92 533.07 522.42 506.99 854.18 383.20 153.57 843.59 887.23 616.72 695.22 810.33 711.74 302.32 951.41 639.28 988.39 158.04 233.86 808.08 153.94 724.82 569.29 130.48 355.78 309.58 378.71 936.13 181.18 317.41 654.10 376.91 422.11 879.51 442.68 997.34 138.23 602.53 310.12 453.95 653.04 157.34 278.04 224.26 950.68 581.42 947.49
629.14 393.38 393.23 858.43 590.63 528.39 261.82 411.28 600.57 509.80 187.77 576.31 283.59 195.17 237.50 110.49 871.95 274.97 418.06 816.38 657.83 822.42 379.47 117.61 611.88 868.05 401.18 0.00 758.21 529.64 167.23 355.36 763.58 872.57 574.50 127.81 336.12 789.72 792.39 732.43 263.11 649.52 954.72 342.55 968.57 386.05 509.45 721.93 616.43 875.88 336.71 682.49 939.84 638.49 361.57 935.99 591.43 186.90 997.46 870.61 705.58 488.25 191.25 908.55 651.74 117.27 297.98 478.54 915.90 247.51 762.88 424.45 878.79 750.05 197.27 610.10 511.73 284.82 672.41 274.06 794.52 900.93 315.72 613.48 808.38 105.76 553.45 195.75 350.77 353.39 184.24 194.61 769.27 424.62 692.38 399.80 223.74 852.53 809.61 860.95
594.88 603.58 733.94 148.26 520.92 562.39 810.21 439.18 842.46 580.91 245.92 713.84 194.73 991.67 162.76 838.21 675.01 752.85 530.48 215.60 781.31 214.56 817.34 524.47 901.17 194.01 617.00 758.21 0.00 504.99 883.21 104.74 889.35 206.82 168.37 758.21 829.05 342.38 397.40 180.51 111.41 122.55 472.89 956.79 667.53 644.55 106.04 261.31 226.12 742.88 186.52 203.74 671.79 414.00 753.46 195.41 941.49 724.17 954.50 721.34 402.52 214.48 601.95 219.03 967.74 831.29 337.96 962.50 946.30 708.63 275.31 194.16 200.57 749.46 443.57 134.32 777.95 187.23 344.59 667.01 216.21 824.15 140.72 306.45 601.91 158.20 389.51 415.69 450.58 650.58 138.71 926.68 312.66 146.47 289.73 470.67 669.34 577.49 393.60 956.64
325.81 959.68 519.88 139.92 804.22 758.12 347.09 685.20 239.79 730.69 762.75 592.27 378.85 217.67 237.06 559.25 980.37 902.36 178.17 930.04 390.99 430.05 650.21 655.90 712.14 271.18 523.64 529.64 504.99 0.00 302.44 231.51 267.83 697.67 178.29 869.89 309.74 870.31 269.34 928.76 549.78 975.03 201.03 840.37 792.62 539.70 283.08 282.31 947.45 311.80 675.58 751.95 824.59 943.47 327.22 625.01 546.72 593.24 248.66 404.70 194.61 320.78 327.56 625.25 407.03 729.48 229.99 451.82 147.45 495.86 918.61 350.12 556.39 730.36 946.77 530.26 752.49 836.75 570.91 951.79 841.27 960.97 640.77 681.80 419.92 179.19 124.98 104.49 634.57 524.81 715.44 470.48 203.21 998.16 265.44 771.29 805.33 457.87 912.37 988.48
504.27 209.15 962.47 747.72 670.99 705.47 355.87 105.77 825.45 318.42 808.95 521.86 339.90 930.37 538.11 569.45 231.41 628.63 304.80 589.04 311.78 680.57 989.62 585.91 923.88 583.50 612.94 167.23 883.21 302.44 0.00 128.87 166.46 889.75 888.50 954.05 911.79 545.73 258.13 477.25 178.58 267.02 989.31 877.16 976.08 574.28 514.64 404.77 662.37 192.94 476.05 404.64 286.03 956.96 369.47 931.47 882.89 210.07 307.47 770.10 579.36 979.65 646.42 298.35 519.98 875.34 620.72 485.31 522.20 417.90 533.25 635.98 389.26 605.27 446.72 609.35 871.72 571.93 842.83 895.30 713.00 747.64 300.89 341.45 900.02 120.53 929.91 598.70 375.89 962.11 824.46 472.66 616.50 535.06 987.77 698.93 818.76 560.47 596.23 215.70
795.74 854.07 194.09 557.51 575.64 219.68 735.83 230.32 282.59 250.75 494.79 259.83 575.58 145.34 199.75 484.23 434.82 167.05 938.51 535.15 354.90 515.15 996.72 346.43 634.36 671.93 884.53 355.36 104.74 231.51 128.87 0.00 685.52 786.29 670.41 927.13 775.84 193.27 789.11 799.63 690.59 409.14 701.25 288.22 881.08 557.68 188.91 863.49 421.66 664.65 292.71 673.91 675.84 667.40 545.23 466.99 286.86 517.57 616.60 887.33 957.04 777.12 719.43 613.89 977.58 660.24 618.10 333.67 964.88 493.34 734.95 966.40 610.87 728.02 420.93 557.59 174.31 803.82 145.04 863.63 701.83 956.33 237.45 919.22 303.13 485.74 135.03 740.98 473.80 145.16 950.60 980.67 177.69 728.65 904.23 440.16 182.88 315.90 699.12 180.19
965.99 614.79 283.94 745.96 968.77 934.50 476.90 655.11 396.46 705.19 287.10 942.07 974.42 119.41 600.34 451.72 994.04 549.04 613.09 623.66 997.58 116.28 600.40 181.32 114.84 621.01 337.32 763.58 889.35 267.83 166.46 685.52 0.00 636.63 413.28 543.29 951.62 295.12 476.50 877.56 102.04 271.60 332.23 423.21 278.42 435.78 452.58 143.34 290.04 527.24 934.40 200.95 603.40 974.52 620.62 403.23 762.12 447.29 388.74 505.05 783.53 682.98 387.71 564.12 623.45 650.38 984.25 191.29 420.67 220.67 794.32 417.82 231.46 654.28 953.51 799.69 890.74 133.19 552.93 351.12 214.36 417.20 617.09 172.77 354.88 867.20 522.52 426.44 419.55 649.16 360.78 188.06 899.15 930.57 256.56 133.01 349.28 868.18 312.85 305.77
124.95 248.70 937.82 291.26 958.45 232.10 387.08 575.21 595.80 865.27 578.30 273.78 950.31 715.28 171.88 521.87 977.53 173.89 494.36 947.58 481.33 434.80 860.15 422.69 251.46 829.54 172.21 872.57 206.82 697.67 889.75 786.29 636.63 0.00 324.94 567.24 584.92 170.98 850.23 537.59 317.51 293.40 809.91 459.52 238.45 982.94 441.61 411.03 529.08 985.32 873.33 275.74 779.05 930.01 884.67 618.14 703.31 936.78 462.57 759.52 260.28 191.60 768.04 387.22 551.69 922.71 560.72 523.37 231.44 111.91 777.63 698.42 954.19 490.08 739.86 936.79 507.41 632.94 332.33 166.90 920.06 649.57 725.78 877.53 503.15 145.43 707.34 313.20 218.01 278.09 279.64 184.06 278.69 664.78 312.10 779.87 592.54 802.52 580.42 286.99
894.33 527.76 625.62 454.83 767.29 539.41 607.45 646.49 174.99 765.63 847.27 506.66 260.13 758.16 211.64 369.38 815.17 533.02 856.33 739.32 297.91 133.84 132.02 565.52 716.95 977.54 811.06 574.50 168.37 178.29 888.50 670.41 413.28 324.94 0.00 710.67 962.42 818.75 383.69 326.34 843.32 441.13 626.09 297.28 140.31 538.97 277.67 722.29 947.62 549.33 990.13 555.45 456.13 925.55 947.60 307.53 160.49 204.56 828.54 363.21 333.47 951.48 307.35 410.23 374.98 638.14 397.61 322.35 208.08 761.17 570.85 859.94 319.04 264.81 784.50 442.46 712.96 645.48 839.25 586.76 472.60 812.12 114.71 418.01 548.30 515.82 463.79 294.66 465.61 171.15 704.05 977.46 773.94 460.75 682.99 675.42 604.54 574.08 279.30 255.36
479.02 158.35 113.49 963.27 822.08 214.13 395.81 365.41 362.91 397.92 121.86 767.28 635.33 810.61 626.49 543.10 111.89 785.01 418.99 739.53 887.29 686.40 256.47 564.78 138.94 478.92 247.05 127.81 758.21 869.89 954.05 927.13 543.29 567.24 710.67 0.00 230.05 587.24 184.15 818.49 936.65 509.37 940.42 484.67 198.76 800.86 132.54 150.15 586.93 817.34 529.87 453.13 529.56 256.77 285.61 801.32 362.66 802.01 985.18 782.37 457.43 964.89 208.79 428.19 981.81 886.93 892.16 465.26 435.92 201.76 705.29 677.10 555.84 372.53 421.65 571.79 673.16 922.56 324.03 911.02 802.39 614.38 785.94 455.23 281.85 160.35 280.39 706.96 488.20 476.40 706.35 744.52 472.58 883.69 549.99 340.76 142.51 209.65 927.06 139.38
451.59 943.41 749.62 822.16 140.77 562.79 714.38 881.00 128.23 449.56 556.99 840.48 718.02 348.07 654.85 159.64 460.37 790.59 852.53 418.89 308.81 886.92 654.13 439.51 892.12 897.59 602.37 336.12 829.05 309.74 911.79 775.84 951.62 584.92 962.42 230.05 0.00 476.63 630.57 293.01 882.76 750.79 409.28 479.89 359.17 532.58 233.49 659.31 215.57 189.58 193.68 553.97 308.30 881.01 395.77 397.42 727.87 585.21 469.39 540.99 746.17 695.13 612.37 956.27 572.96 934.31 378.69 837.88 740.90 959.50 286.46 834.33 592.24 720.19 179.37 135.05 637.00 399.86 410.65 378.91 553.30 719.64 802.92 766.94 658.45 597.55 181.90 973.64 564.68 442.62 186.78 353.90 244.86 895.49 244.25 489.88 148.84 989.76 743.04 196.99
272.85 367.58 719.96 311.97 148.71 913.96 895.11 414.50 617.30 992.86 988.65 663.29 225.32 405.19 474.22 152.00 394.64 294.47 895.16 233.28 540.70 278.02 394.11 608.36 207.16 342.79 414.10 789.72 342.38 870.31 545.73 193.27 295.12 170.98 818.75 587.24 476.63 0.00 331.83 130.89 253.82 260.37 164.75 209.98 947.97 451.01 597.60 565.64 277.15 968.23 922.78 581.17 834.59 554.48 281.15 783.01 452.27 966.64 187.03 233.44 944.10 574.54 427.62 303.90 813.68 366.27 530.04 842.26 518.77 755.45 978.98 203.22 106.36 285.30 267.27 331.13 416.67 305.49 831.01 841.60 127.96 293.98 371.23 229.15 937.41 482.29 508.52 185.10 170.45 295.13 624.60 461.68 587.68 575.22 128.64 195.47 720.98 428.77 641.76 255.97
185.49 976.02 944.01 279.89 122.88 104.66 309.80 707.38 375.83 698.22 420.31 818.92 714.41 789.30 311.84 276.66 277.15 995.38 659.07 557.54 872.00 691.67 992.03 352.60 979.75 521.73 278.34 792.39 397.40 269.34 258.13 789.11 476.50 850.23 383.69 184.15 630.57 331.83 0.00 925.05 671.73 751.88 966.62 813.36 432.36 647.75 749.38 653.94 230.18 744.17 376.90 893.18 677.80 667.19 381.44 920.35 750.69 408.28 860.76 860.35 635.46 366.36 290.18 563.78 364.13 586.93 939.74 512.64 716.06 282.01 360.96 649.53 549.08 203.93 656.28 256.27 406.25 636.10 205.16 276.67 794.21 252.70 286.29 799.53 133.83 286.79 162.11 272.20 844.34 286.51 832.63 714.51 364.83 119.45 899.42 712.42 320.92 411.92 857.13 780.29
916.01 484.52 458.81 653.43 519.92 527.65 848.91 744.98 155.01 419.81 664.30 345.77 156.32 272.16 206.97 434.40 363.83 717.92 758.30 185.31 825.25 743.94 922.56 365.34 428.57 331.16 662.36 732.43 180.51 928.76 477.25 799.63 877.56 537.59 326.34 818.49 293.01 130.89 925.05 0.00 143.01 903.14 564.68 244.65 462.77 844.07 717.05 807.96 266.15 535.94 679.83 556.59 131.78 323.05 201.82 680.65 357.89 420.01 834.41 991.64 640.05 367.97 788.28 742.16 572.38 793.01 937.64 654.31 523.57 558.04 611.56 687.94 326.78 346.83 944.69 748.84 301.58 377.68 280.92 775.49 840.99 316.23 608.70 597.07 839.60 738.23 756.70 866.38 470.36 124.24 594.96 772.30 212.47 493.44 289.19 683.92 807.10 805.91 723.16 990.81
636.75 972.78 630.35 199.51 809.48 657.45 298.66 563.62 634.95 523.27 403.96 788.38 532.76 797.71 307.29 212.43 564.19 783.59 936.52 311.45 132.31 265.51 839.15 549.28 202.63 223.88 523.06 263.11 111.41 549.78 178.58 690.59 102.04 317.51 843.32 936.65 882.76 253.82 671.73 143.01 0.00 935.86 769.03 741.97 398.56 528.18 601.08 230.36 748.04 241.98 714.63 274.49 651.20 570.93 640.14 537.00 285.94 926.84 411.37 105.93 634.53 332.77 667.98 600.99 841.90 282.59 927.97 618.14 321.51 491.38 546.74 715.66 281.76 839.50 411.27 740.58 766.90 685.61 731.66 838.71 201.11 628.48 969.56 204.49 640.84 857.18 911.72 128.06 133.40 310.50 839.92 339.07 948.89 629.60 130.94 360.72 407.55 326.92 421.65 465.25
320.53 745.50 400.65 817.47 196.90 525.57 800.32 418.49 735.21 289.35 751.12 345.13 223.10 625.01 813.39 425.19 621.26 413.02 615.19 388.97 859.47 306.92 865.32 554.50 331.09 994.87 886.06 649.52 122.55 975.03 267.02 409.14 271.60 293.40 441.13 509.37 750.79 260.37 751.88 903.14 935.86 0.00 185.89 661.65 924.24 569.80 202.95 359.56 751.04 946.71 372.03 625.74 184.28 609.86 924.63 458.68 950.65 519.15 267.82 218.64 591.82 522.36 794.20 566.13 183.71 892.94 480.58 542.67 891.42 371.73 616.88 961.36 250.57 112.87 817.08 112.34 363.77 800.29 786.46 233.55 328.93 927.84 373.82 927.97 782.90 930.84 889.54 430.30 276.72 117.14 945.02 388.82 430.76 865.62 781.41 351.16 836.45 168.18 717.17 544.86
637.29 373.79 555.87 552.81 786.41 141.70 424.75 353.05 580.97 658.20 447.45 419.54 209.17 786.25 742.10 455.75 685.49 418.63 126.22 283.55 415.39 801.24 753.56 526.70 613.82 633.80 893.07 954.72 472.89 201.03 989.31 701.25 332.23 809.91 626.09 940.42 409.28 164.75 966.62 564.68 769.03 185.89 0.00 540.68 671.15 985.57 803.79 478.27 241.67 476.19 744.50 581.88 631.78 129.45 103.02 640.30 509.77 842.07 494.41 188.83 212.91 326.68 111.43 288.61 317.74 501.67 383.11 601.33 433.68 694.08 153.39 383.40 138.32 269.52 449.89 106.80 423.18 608.95 188.27 449.83 658.73 824.46 502.77 609.17 409.45 148.97 968.81 637.95 601.73 181.08 655.81 403.58 519.38 495.99 591.05 279.44 360.67 136.15 232.06 441.49
393.86 689.23 940.52 918.14 306.68 263.55 892.85 146.81 688.31 721.05 433.57 562.78 610.86 864.86 346.97 170.85 204.23 301.55 792.83 316.60 879.56 770.50 374.12 210.52 862.10 824.09 261.55 342.55 956.79 840.37 877.16 288.22 423.21 459.52 297.28 484.67 479.89 209.98 813.36 244.65 741.97 661.65 540.68 0.00 564.09 488.53 838.36 757.06 152.53 493.31 397.40 580.96 562.31 705.66 411.42 861.40 663.82 603.42 828.13 520.08 236.08 701.26 733.69 570.88 686.54 528.46 590.12 908.80 677.33 350.19 224.57 545.89 636.98 643.08 590.33 816.63 984.67 867.69 325.75 453.18 535.61 136.12 783.72 863.12 437.03 875.98 472.99 770.31 541.79 659.52 759.42 835.83 997.68 909.39 245.72 119.23 638.64 894.68 861.40 623.67
170.10 498.88 141.27 994.48 479.14 138.58 753.59 353.27 580.79 223.08 139.59 525.16 476.90 463.85 709.68 524.39 616.31 223.42 789.31 385.25 122.14 321.12 439.29 973.12 606.32 333.46 391.72 968.57 667.53 792.62 976.08 881.08 278.42 238.45 140.31 198.76 359.17 947.97 432.36 462.77 398.56 924.24 671.15 564.09 0.00 861.01 321.69 145.44 472.89 208.81 139.36 570.48 643.48 454.70 816.62 595.57 501.70 476.21 333.18 347.43 903.93 610.59 141.27 671.55 590.00 632.93 336.22 563.11 319.32 933.76 627.54 973.04 480.84 858.15 304.60 683.46 583.54 367.94 407.61 170.81 992.17 219.65 781.36 440.54 874.35 742.44 535.16 876.69 279.77 167.74 284.57 476.33 199.25 659.80 979.12 544.59 438.55 736.99 273.05 147.71
420.01 904.07 376.19 698.50 901.09 172.63 533.89 846.87 517.75 718.97 983.81 468.30 213.38 563.75 773.81 949.58 824.40 362.33 245.44 108.13 211.77 396.89 565.57 533.45 971.18 456.16 205.35 386.05 644.55 539.70 574.28 557.68 435.78 982.94 538.97 800.86 532.58 451.01 647.75 844.07 528.18 569.80 985.57 488.53 861.01 0.00 681.95 954.82 527.92 327.92 605.21 636.62 934.45 640.38 213.69 514.25 624.93 404.97 462.61 143.08 627.85 762.66 113.26 757.78 298.27 535.14 416.73 213.34 758.62 864.28 770.00 623.34 971.98 636.88 623.48 546.87 746.98 269.74 125.00 427.56 899.09 767.97 656.77 551.10 337.34 702.49 121.99 209.11 214.62 641.22 306.60 323.56 562.37 717.59 742.02 950.54 997.69 869.68 527.60 516.56
619.23 560.81 344.25 875.50 933.00 473.08 232.16 224.53 985.14 596.68 985.48 572.41 861.45 170.80 495.22 134.82 319.84 740.62 790.96 970.26 494.73 728.73 625.85 818.73 298.98 629.70 839.47 509.45 106.04 283.08 514.64 188.91 452.58 441.61 277.67 132.54 233.49 597.60 749.38 717.05 601.08 202.95 803.79 838.36 321.69 681.95 0.00 136.16 501.56 369.32 767.28 201.82 833.64 946.55 511.50 608.75 178.39 351.97 262.12 393.89 278.95 765.23 510.53 512.00 425.07 666.99 333.63 333.54 149.64 808.35 527.74 350.32 811.51 441.42 716.93 626.56 431.42 988.90 670.61 931.01 444.62 715.99 817.94 122.08 637.06 722.77 226.95 836.71 451.53 396.34 706.97 915.01 978.63 976.19 896.24 217.51 164.39 689.43 526.63 285.41
681.68 603.87 847.83 535.43 413.06 172.94 995.61 436.20 379.64 519.38 703.40 584.23 213.76 681.90 851.30 661.23 544.15 833.24 171.90 345.66 672.62 494.79 920.48 133.79 618.87 434.40 436.33 721.93 261.31 282.31 404.77 863.49 143.34 411.03 722.29 150.15 659.31 565.64 653.94 807.96 230.36 359.56 478.27 757.06 145.44 954.82 136.16 0.00 874.22 424.57 508.13 930.42 865.44 983.35 888.45 420.16 463.05 708.88 834.79 431.39 392.77 496.23 402.17 316.35 618.86 316.37 687.26 570.23 529.66 541.21 847.97 438.17 618.84 285.05 136.01 819.96 828.09 273.28 902.81 800.75 794.29 905.21 898.47 317.70 489.22 578.83 810.96 138.40 628.73 524.70 275.87 567.54 462.87 280.94 507.37 120.96 433.61 731.25 291.75 315.63
495.33 310.93 561.57 621.85 264.99 321.70 805.88 636.55 233.60 729.64 512.82 523.30 695.81 233.09 882.31 317.17 275.51 430.59 925.04 109.13 910.07 842.95 781.62 790.39 856.59 644.10 579.33 616.43 226.12 947.45 662.37 421.66 290.04 529.08 947.62 586.93 215.57 277.15 230.18 266.15 748.04 751.04 241.67 152.53 472.89 527.92 501.56 874.22 0.00 638.97 316.50 879.62 885.53 193.00 312.66 846.23 556.65 543.83 818.01 535.26 141.46 349.57 651.23 872.56 130.22 698.48 240.36 123.67 220.03 732.70 692.40 315.58 241.76 712.90 583.32 332.69 912.18 401.65 824.89 669.11 180.94 759.19 678.54 227.38 478.90 667.26 941.25 498.26 253.72 107.10 585.24 417.66 638.08 248.83 878.67 509.12 515.36 840.33 707.22 526.45
376.90 291.32 432.49 417.78 155.28 825.45 498.70 325.26 952.14 582.87 796.54 621.21 239.35 368.45 131.56 951.33 326.25 666.93 357.39 654.55 976.58 715.89 785.64 739.84 288.03 733.64 441.28 875.88 742.88 311.80 192.94 664.65 527.24 985.32 549.33 817.34 189.58 968.23 744.17 535.94 241.98 946.71 476.19 493.31 208.81 327.92 369.32 424.57 638.97 0.00 353.66 698.37 507.96 370.93 744.79 389.28 404.03 474.53 984.42 144.25 502.80 186.45 744.70 743.87 962.89 851.92 251.18 404.94 941.45 981.92 880.02 262.62 518.87 799.90 654.21 376.55 528.13 177.35 644.57 346.92 118.64 621.25 306.64 842.86 690.90 645.77 608.13 471.49 640.99 226.93 250.44 708.93 130.10 958.17 739.08 293.89 994.82 736.45 516.86 258.70
575.43 670.12 981.59 115.62 214.37 280.80 725.12 416.84 300.84 654.35 955.22 599.76 675.41 575.07 439.36 204.92 366.07 684.98 212.66 697.70 533.32 175.54 104.06 351.68 566.17 837.00 151.40 336.71 186.52 675.58 476.05 292.71 934.40 873.33 990.13 529.87 193.68 922.78 376.90 679.83 714.63 372.03 744.50 397.40 139.36 605.21 767.28 508.13 316.50 353.66 0.00 295.39 390.42 953.69 188.30 108.69 536.28 703.05 319.25 685.66 886.54 346.36 632.35 297.89 539.59 699.93 358.09 790.76 942.82 169.38 398.46 196.19 371.04 221.79 450.92 475.29 689.06 644.30 261.83 977.12 975.46 215.41 536.80 648.73 105.52 813.00 772.37 330.47 155.65 395.20 129.61 349.97 654.61 474.83 894.91 929.37 963.67 876.16 875.22 666.44
910.95 437.44 220.38 224.14 292.54 568.99 308.58 686.75 500.44 538.67 324.41 191.81 460.09 715.27 965.22 859.86 403.12 884.40 353.08 561.45 197.25 461.68 215.44 661.06 362.42 138.27 788.77 682.49 203.74 751.95 404.64 673.91 200.95 275.74 555.45 453.13 553.97 581.17 893.18 556.59 274.49 625.74 581.88 580.96 570.48 636.62 201.82 930.42 879.62 698.37 295.39 0.00 320.62 745.07 997.50 770.79 747.03 612.35 689.03 928.93 537.41 848.22 772.25 190.84 932.76 658.15 110.33 898.66 364.33 613.11 251.99 704.35 286.21 638.37 884.26 839.63 608.72 551.16 104.90 888.42 620.54 271.91 184.83 974.70 845.59 303.76 157.03 747.48 650.90 834.81 434.06 769.20 547.61 509.23 657.78 398.39 995.29 260.36 974.51 410.01
714.06 375.70 461.69 469.74 926.07 467.39 970.60 796.97 710.02 478.62 280.17 588.43 297.58 172.11 817.74 131.51 225.32 328.45 479.51 507.47 262.14 965.77 276.32 894.48 656.03 254.04 955.07 939.84 671.79 824.59 286.03 675.84 603.40 779.05 456.13 529.56 308.30 834.59 677.80 131.78 651.20 184.28 631.78 562.31 643.48 934.45 833.64 865.44 885.53 507.96 390.42 320.62 0.00 930.98 496.61 633.95 919.21 117.11 459.77 360.92 699.81 384.37 413.64 319.08 545.05 296.50 371.82 602.99 860.91 975.57 834.90 690.35 799.59 628.02 590.02 218.03 386.38 282.91 740.27 498.51 993.72 791.73 845.94 681.29 773.47 100.94 676.86 234.53 629.95 116.06 452.40 370.77 663.86 367.04 165.25 823.36 939.94 733.44 958.74 438.15
954.09 514.39 806.25 795.47 412.24 596.37 191.10 446.40 626.97 974.26 687.26 749.47 931.83 311.40 951.22 120.72 477.09 554.11 589.64 691.27 384.53 836.76 754.95 378.61 541.19 532.84 310.92 638.49 414.00 943.47 956.96 667.40 974.52 930.01 925.55 256.77 881.01 554.48 667.19 323.05 570.93 609.86 129.45 705.66 454.70 640.38 946.55 983.35 193.00 370.93 953.69 745.07 930.98 0.00 321.99 933.16 710.67 710.78 480.66 733.70 759.19 541.33 530.48 334.73 859.08 282.46 436.24 373.30 406.99 318.02 489.74 267.22 867.24 143.88 865.17 507.49 789.19 828.10 965.22 160.37 620.70 201.39 399.02 871.34 997.26 507.68 621.49 886.86 426.17 580.86 260.99 742.17 670.90 901.87 836.96 573.42 986.52 686.14 575.52 688.64
664.96 672.77 545.45 369.06 521.88 876.71 776.80 766.47 518.51 548.94 742.04 129.52 265.33 824.31 677.11 395.87 664.35 597.74 203.37 987.52 454.21 581.80 323.69 121.03 102.36 859.45 533.07 361.57 753.46 327.22 369.47 545.23 620.62 884.67 947.60 285.61 395.77 281.15 381.44 201.82 640.14 924.63 103.02 411.42 816.62 213.69 511.50 888.45 312.66 744.79 188.30 997.50 496.61 321.99 0.00 329.23 540.90 764.64 155.84 803.37 920.25 325.46 365.75 619.47 269.19 195.53 454.08 569.42 254.06 390.50 204.73 762.15 242.75 457.28 381.16 119.52 502.14 130.07 799.63 442.47 809.73 640.66 886.40 638.44 483.28 185.78 794.97 343.15 276.23 643.09 683.18 752.55 743.83 795.47 898.68 584.04 746.82 732.76 815.61 673.11
271.43 328.93 107.14 288.53 972.03 496.50 144.94 646.08 808.74 105.16 369.40 283.21 430.96 438.53 888.85 523.42 143.96 513.36 833.47 948.03 141.81 413.69 432.10 724.85 826.75 817.58 522.42 935.99 195.41 625.01 931.47 466.99 403.23 618.14 307.53 801.32 397.42 783.01 920.35 680.65 537.00 458.68 640.30 861.40 595.57 514.25 608.75 420.16 846.23 389.28 108.69 770.79 633.95 933.16 329.23 0.00 940.08 991.76 418.37 326.52 554.13 760.80 681.66 349.63 503.21 695.28 934.75 187.94 699.82 732.16 220.58 637.47 195.02 423.09 536.68 677.01 292.54 728.64 323.03 362.74 691.02 928.76 527.11 695.82 986.82 455.47 390.77 718.63 121.78 756.76 519.88 711.62 701.73 831.88 642.24 965.45 348.95 232.07 447.98 346.82
317.04 370.59 801.02 414.89 599.50 203.45 266.69 226.00 979.58 255.51 518.61 688.24 352.79 737.59 650.88 336.04 185.95 542.25 912.08 231.67 168.36 560.63 541.89 629.18 739.70 886.52 506.99 591.43 941.49 546.72 882.89 286.86 762.12 703.31 160.49 362.66 727.87 452.27 750.69 357.89 285.94 950.65 509.77 663.82 501.70 624.93 178.39 463.05 556.65 404.03 536.28 747.03 919.21 710.67 540.90 940.08 0.00 554.79 718.29 435.92 631.22 523.46 650.69 531.63 624.95 246.59 593.17 465.02 714.34 915.64 701.21 335.03 662.97 143.91 788.61 192.06 650.01 724.80 365.24 694.95 184.88 457.92 983.60 657.24 358.96 157.61 186.85 767.59 680.00 655.56 475.46 444.12 990.33 981.54 613.46 368.25 280.10 679.22 506.27 749.09
